1
2
4
7
7
9
11
14
15
15
19
20
22
24
25
27
29
30
31
33
35
38
39
40
42
44
45
46
47
49
50
51
54
56
56
59
60
61
63
63
63
66
67
68
71
71
74
75
75
78
78
79
82
82
84
85
85
87
88
89
91
93
94
93
95
97
97
99
99
101
102
103
103
106
107
107
109
110
111
111
113
114
115
115
117
118
118
120
120
121
122
123
123
124
126
127
127
130
129
130
131
133
134
134
134
135
135
138
139
140
139
141
141
143
143
144
146
146
147
148
147
148
151
149
151
151
152
153
154
154
154
155
156
158
158
159
160
161
161
161
162
163
164
164
164
166
166
166
167
168
167
169
169
170
170
171
172
173
172
174
173
174
175
174
177
176
177
178
177
178
179
179
181
181
181
181
183
183
184
184
185
184
187
186
187
188
188
188
189
188
188
190
190
191
190
191
191
193
191
193
193
194
195
195
194
195
195
196
196
197
198
198
198
198
199
199
200
199
200
201
202
201
202
203
203
203
202
203
204
203
204
205
205
205
205
206
206
205
206
207
208
207
208
208
209
210
210
210
208
210
210
212
210
211
212
212
213
212
214
214
213
213
214
214
215
215
215
215
217
217
217
215
217
218
217
216
218
219
217
218
218
218
219
220
218
221
220
220
221
221
221
220
220
221
221
221
222
223
223
223
222
223
223
223
224
223
225
225
224
225
225
225
225
225
225
227
225
227
225
226
227
226
227
226
228
227
227
227
228
227
228
229
228
229
229
229
230
229
230
230
230
230
231
231
231
232
232
231
232
231
232
231
231
231
232
232
232
231
233
232
232
232
234
232
234
233
234
233
234
234
233
234
235
236
191
234
235
234
236
235
235
235
235
236
236
235
235
235
236
235
236
237
236
237
238
237
237
238
237
237
237
238
238
237
237
237
238
237
239
238
239
239
238
239
238
238
238
238
240
240
239
240
239
239
239
240
240
240
240
239
240
241